;      SPCM initialisation file
;      Created by FLIMimage v1.0 on 2003-8-25 16:21:43

[spc_base]

simulation= 0
pci_bus_no= -1
pci_card_no= -1

[spc_module]

cfd_limit_low= -11.7647056580
cfd_zc_level= -0.7559055090
sync_zc_level= 0.0000000000
sync_holdoff= 4.0000000000
sync_threshold= -23.5294113159
tac_range= 50.0000000000
sync_freq_div= 1.0000000000
tac_gain= 4.0000000000
tac_offset= 3.9072039127
tac_limit_low= 5.4901962280
tac_limit_high= 100.0000000000
adc_resolution= 6.0000000000
ext_latch_delay= 0.0000000000
collect_time= 10.0000000000
repeat_time= 10.0000000000
stop_on_time= 1.0000000000
stop_on_ovfl= 0.0000000000
dither_range= 128.0000000000
count_incr= 1.0000000000
dead_time_comp= 0.0000000000
mode= 0.0000000000
scan_size_x= 128
scan_size_y= 128
scan_rout_x= 1
scan_rout_y= 1
scan_polarity= 7f
scan_flyback= 0
scan_borders= 25
pixel_clock= 1
line_compression= 1
trigger= 0
pixel_time= 1.250e-005
ext_pixclk_div= 1
rate_count_time= 1.0000000000
add_select= 0
